dog (0,0)(0,2)
god (0,2)(0,0)
blue (0,4)(3,4)
noon (0,8)(0,11)
noon (0,11)(0,8)
new (0,11)(2,9)
row (1,0)(3,0)
hell (1,1)(1,4)
hello (1,1)(1,5)
lot (1,4)(1,6)
other (1,5)(1,9)
toll (1,6)(1,3)
the (1,6)(1,8)
there (1,6)(1,10)
her (1,7)(1,9)
here (1,7)(1,10)
quick (2,5)(2,1)
brown (2,6)(2,10)
blue (2,6)(5,6)
row (2,7)(2,9)
own (2,8)(2,10)
word (3,0)(0,0)
word (3,0)(6,0)
god (3,3)(5,3)
eve (3,4)(5,6)
even (3,4)(6,7)
zoo (4,2)(4,0)
row (4,9)(4,11)
rim (4,9)(2,11)
word (4,11)(4,8)
row (5,0)(3,0)
row (5,0)(3,2)
dog (5,3)(3,3)
row (5,4)(3,2)
eve (5,6)(3,4)
trim (5,8)(2,11)
join (5,10)(2,10)
row (6,1)(6,3)
word (6,3)(6,0)
god (6,9)(6,11)
dog (6,11)(6,9)
